25 300
0 125 249 368 482 588 685 771 844 905 951 982 998 998 982 951 905 844 771 685 588 482 368 249 125
125 0 125 249 368 482 588 685 771 844 905 951 982 998 998 982 951 905 844 771 685 588 482 368 249
249 125 0 125 249 368 482 588 685 771 844 905 951 982 998 998 982 951 905 844 771 685 588 482 368
368 249 125 0 125 249 368 482 588 685 771 844 905 951 982 998 998 982 951 905 844 771 685 588 482
482 368 249 125 0 125 249 368 482 588 685 771 844 905 951 982 998 998 982 951 905 844 771 685 588
588 482 368 249 125 0 125 249 368 482 588 685 771 844 905 951 982 998 998 982 951 905 844 771 685
685 588 482 368 249 125 0 125 249 368 482 588 685 771 844 905 951 982 998 998 982 951 905 844 771
771 685 588 482 368 249 125 0 125 249 368 482 588 685 771 844 905 951 982 998 998 982 951 905 844
844 771 685 588 482 368 249 125 0 125 249 368 482 588 685 771 844 905 951 982 998 998 982 951 905
905 844 771 685 588 482 368 249 125 0 125 249 368 482 588 685 771 844 905 951 982 998 998 982 951
951 905 844 771 685 588 482 368 249 125 0 125 249 368 482 588 685 771 844 905 951 982 998 998 982
982 951 905 844 771 685 588 482 368 249 125 0 125 249 368 482 588 685 771 844 905 951 982 998 998
998 982 951 905 844 771 685 588 482 368 249 125 0 125 249 368 482 588 685 771 844 905 951 982 998
998 998 982 951 905 844 771 685 588 482 368 249 125 0 125 249 368 482 588 685 771 844 905 951 982
982 998 998 982 951 905 844 771 685 588 482 368 249 125 0 125 249 368 482 588 685 771 844 905 951
951 982 998 998 982 951 905 844 771 685 588 482 368 249 125 0 125 249 368 482 588 685 771 844 905
905 951 982 998 998 982 951 905 844 771 685 588 482 368 249 125 0 125 249 368 482 588 685 771 844
844 905 951 982 998 998 982 951 905 844 771 685 588 482 368 249 125 0 125 249 368 482 588 685 771
771 844 905 951 982 998 998 982 951 905 844 771 685 588 482 368 249 125 0 125 249 368 482 588 685
685 771 844 905 951 982 998 998 982 951 905 844 771 685 588 482 368 249 125 0 125 249 368 482 588
588 685 771 844 905 951 982 998 998 982 951 905 844 771 685 588 482 368 249 125 0 125 249 368 482
482 588 685 771 844 905 951 982 998 998 982 951 905 844 771 685 588 482 368 249 125 0 125 249 368
368 482 588 685 771 844 905 951 982 998 998 982 951 905 844 771 685 588 482 368 249 125 0 125 249
249 368 482 588 685 771 844 905 951 982 998 998 982 951 905 844 771 685 588 482 368 249 125 0 125
125 249 368 482 588 685 771 844 905 951 982 998 998 982 951 905 844 771 685 588 482 368 249 125 0
