100 4950
0 31 63 94 125 156 187 218 249 279 309 339 368 397 426 454 482 509 536 562 588 613 637 661 685 707 729 750 771 790 809 827 844 861 876 891 905 918 930 941 951 960 969 976 982 988 992 996 998 1000 1000 1000 998 996 992 988 982 976 969 960 951 941 930 918 905 891 876 861 844 827 809 790 771 750 729 707 685 661 637 613 588 562 536 509 482 454 426 397 368 339 309 279 249 218 187 156 125 94 63 31
31 0 31 63 94 125 156 187 218 249 279 309 339 368 397 426 454 482 509 536 562 588 613 637 661 685 707 729 750 771 790 809 827 844 861 876 891 905 918 930 941 951 960 969 976 982 988 992 996 998 1000 1000 1000 998 996 992 988 982 976 969 960 951 941 930 918 905 891 876 861 844 827 809 790 771 750 729 707 685 661 637 613 588 562 536 509 482 454 426 397 368 339 309 279 249 218 187 156 125 94 63
63 31 0 31 63 94 125 156 187 218 249 279 309 339 368 397 426 454 482 509 536 562 588 613 637 661 685 707 729 750 771 790 809 827 844 861 876 891 905 918 930 941 951 960 969 976 982 988 992 996 998 1000 1000 1000 998 996 992 988 982 976 969 960 951 941 930 918 905 891 876 861 844 827 809 790 771 750 729 707 685 661 637 613 588 562 536 509 482 454 426 397 368 339 309 279 249 218 187 156 125 94
94 63 31 0 31 63 94 125 156 187 218 249 279 309 339 368 397 426 454 482 509 536 562 588 613 637 661 685 707 729 750 771 790 809 827 844 861 876 891 905 918 930 941 951 960 969 976 982 988 992 996 998 1000 1000 1000 998 996 992 988 982 976 969 960 951 941 930 918 905 891 876 861 844 827 809 790 771 750 729 707 685 661 637 613 588 562 536 509 482 454 426 397 368 339 309 279 249 218 187 156 125
125 94 63 31 0 31 63 94 125 156 187 218 249 279 309 339 368 397 426 454 482 509 536 562 588 613 637 661 685 707 729 750 771 790 809 827 844 861 876 891 905 918 930 941 951 960 969 976 982 988 992 996 998 1000 1000 1000 998 996 992 988 982 976 969 960 951 941 930 918 905 891 876 861 844 827 809 790 771 750 729 707 685 661 637 613 588 562 536 509 482 454 426 397 368 339 309 279 249 218 187 156
156 125 94 63 31 0 31 63 94 125 156 187 218 249 279 309 339 368 397 426 454 482 509 536 562 588 613 637 661 685 707 729 750 771 790 809 827 844 861 876 891 905 918 930 941 951 960 969 976 982 988 992 996 998 1000 1000 1000 998 996 992 988 982 976 969 960 951 941 930 918 905 891 876 861 844 827 809 790 771 750 729 707 685 661 637 613 588 562 536 509 482 454 426 397 368 339 309 279 249 218 187
187 156 125 94 63 31 0 31 63 94 125 156 187 218 249 279 309 339 368 397 426 454 482 509 536 562 588 613 637 661 685 707 729 750 771 790 809 827 844 861 876 891 905 918 930 941 951 960 969 976 982 988 992 996 998 1000 1000 1000 998 996 992 988 982 976 969 960 951 941 930 918 905 891 876 861 844 827 809 790 771 750 729 707 685 661 637 613 588 562 536 509 482 454 426 397 368 339 309 279 249 218
218 187 156 125 94 63 31 0 31 63 94 125 156 187 218 249 279 309 339 368 397 426 454 482 509 536 562 588 613 637 661 685 707 729 750 771 790 809 827 844 861 876 891 905 918 930 941 951 960 969 976 982 988 992 996 998 1000 1000 1000 998 996 992 988 982 976 969 960 951 941 930 918 905 891 876 861 844 827 809 790 771 750 729 707 685 661 637 613 588 562 536 509 482 454 426 397 368 339 309 279 249
249 218 187 156 125 94 63 31 0 31 63 94 125 156 187 218 249 279 309 339 368 397 426 454 482 509 536 562 588 613 637 661 685 707 729 750 771 790 809 827 844 861 876 891 905 918 930 941 951 960 969 976 982 988 992 996 998 1000 1000 1000 998 996 992 988 982 976 969 960 951 941 930 918 905 891 876 861 844 827 809 790 771 750 729 707 685 661 637 613 588 562 536 509 482 454 426 397 368 339 309 279
279 249 218 187 156 125 94 63 31 0 31 63 94 125 156 187 218 249 279 309 339 368 397 426 454 482 509 536 562 588 613 637 661 685 707 729 750 771 790 809 827 844 861 876 891 905 918 930 941 951 960 969 976 982 988 992 996 998 1000 1000 1000 998 996 992 988 982 976 969 960 951 941 930 918 905 891 876 861 844 827 809 790 771 750 729 707 685 661 637 613 588 562 536 509 482 454 426 397 368 339 309
309 279 249 218 187 156 125 94 63 31 0 31 63 94 125 156 187 218 249 279 309 339 368 397 426 454 482 509 536 562 588 613 637 661 685 707 729 750 771 790 809 827 844 861 876 891 905 918 930 941 951 960 969 976 982 988 992 996 998 1000 1000 1000 998 996 992 988 982 976 969 960 951 941 930 918 905 891 876 861 844 827 809 790 771 750 729 707 685 661 637 613 588 562 536 509 482 454 426 397 368 339
339 309 279 249 218 187 156 125 94 63 31 0 31 63 94 125 156 187 218 249 279 309 339 368 397 426 454 482 509 536 562 588 613 637 661 685 707 729 750 771 790 809 827 844 861 876 891 905 918 930 941 951 960 969 976 982 988 992 996 998 1000 1000 1000 998 996 992 988 982 976 969 960 951 941 930 918 905 891 876 861 844 827 809 790 771 750 729 707 685 661 637 613 588 562 536 509 482 454 426 397 368
368 339 309 279 249 218 187 156 125 94 63 31 0 31 63 94 125 156 187 218 249 279 309 339 368 397 426 454 482 509 536 562 588 613 637 661 685 707 729 750 771 790 809 827 844 861 876 891 905 918 930 941 951 960 969 976 982 988 992 996 998 1000 1000 1000 998 996 992 988 982 976 969 960 951 941 930 918 905 891 876 861 844 827 809 790 771 750 729 707 685 661 637 613 588 562 536 509 482 454 426 397
397 368 339 309 279 249 218 187 156 125 94 63 31 0 31 63 94 125 156 187 218 249 279 309 339 368 397 426 454 482 509 536 562 588 613 637 661 685 707 729 750 771 790 809 827 844 861 876 891 905 918 930 941 951 960 969 976 982 988 992 996 998 1000 1000 1000 998 996 992 988 982 976 969 960 951 941 930 918 905 891 876 861 844 827 809 790 771 750 729 707 685 661 637 613 588 562 536 509 482 454 426
426 397 368 339 309 279 249 218 187 156 125 94 63 31 0 31 63 94 125 156 187 218 249 279 309 339 368 397 426 454 482 509 536 562 588 613 637 661 685 707 729 750 771 790 809 827 844 861 876 891 905 918 930 941 951 960 969 976 982 988 992 996 998 1000 1000 1000 998 996 992 988 982 976 969 960 951 941 930 918 905 891 876 861 844 827 809 790 771 750 729 707 685 661 637 613 588 562 536 509 482 454
454 426 397 368 339 309 279 249 218 187 156 125 94 63 31 0 31 63 94 125 156 187 218 249 279 309 339 368 397 426 454 482 509 536 562 588 613 637 661 685 707 729 750 771 790 809 827 844 861 876 891 905 918 930 941 951 960 969 976 982 988 992 996 998 1000 1000 1000 998 996 992 988 982 976 969 960 951 941 930 918 905 891 876 861 844 827 809 790 771 750 729 707 685 661 637 613 588 562 536 509 482
482 454 426 397 368 339 309 279 249 218 187 156 125 94 63 31 0 31 63 94 125 156 187 218 249 279 309 339 368 397 426 454 482 509 536 562 588 613 637 661 685 707 729 750 771 790 809 827 844 861 876 891 905 918 930 941 951 960 969 976 982 988 992 996 998 1000 1000 1000 998 996 992 988 982 976 969 960 951 941 930 918 905 891 876 861 844 827 809 790 771 750 729 707 685 661 637 613 588 562 536 509
509 482 454 426 397 368 339 309 279 249 218 187 156 125 94 63 31 0 31 63 94 125 156 187 218 249 279 309 339 368 397 426 454 482 509 536 562 588 613 637 661 685 707 729 750 771 790 809 827 844 861 876 891 905 918 930 941 951 960 969 976 982 988 992 996 998 1000 1000 1000 998 996 992 988 982 976 969 960 951 941 930 918 905 891 876 861 844 827 809 790 771 750 729 707 685 661 637 613 588 562 536
536 509 482 454 426 397 368 339 309 279 249 218 187 156 125 94 63 31 0 31 63 94 125 156 187 218 249 279 309 339 368 397 426 454 482 509 536 562 588 613 637 661 685 707 729 750 771 790 809 827 844 861 876 891 905 918 930 941 951 960 969 976 982 988 992 996 998 1000 1000 1000 998 996 992 988 982 976 969 960 951 941 930 918 905 891 876 861 844 827 809 790 771 750 729 707 685 661 637 613 588 562
562 536 509 482 454 426 397 368 339 309 279 249 218 187 156 125 94 63 31 0 31 63 94 125 156 187 218 249 279 309 339 368 397 426 454 482 509 536 562 588 613 637 661 685 707 729 750 771 790 809 827 844 861 876 891 905 918 930 941 951 960 969 976 982 988 992 996 998 1000 1000 1000 998 996 992 988 982 976 969 960 951 941 930 918 905 891 876 861 844 827 809 790 771 750 729 707 685 661 637 613 588
588 562 536 509 482 454 426 397 368 339 309 279 249 218 187 156 125 94 63 31 0 31 63 94 125 156 187 218 249 279 309 339 368 397 426 454 482 509 536 562 588 613 637 661 685 707 729 750 771 790 809 827 844 861 876 891 905 918 930 941 951 960 969 976 982 988 992 996 998 1000 1000 1000 998 996 992 988 982 976 969 960 951 941 930 918 905 891 876 861 844 827 809 790 771 750 729 707 685 661 637 613
613 588 562 536 509 482 454 426 397 368 339 309 279 249 218 187 156 125 94 63 31 0 31 63 94 125 156 187 218 249 279 309 339 368 397 426 454 482 509 536 562 588 613 637 661 685 707 729 750 771 790 809 827 844 861 876 891 905 918 930 941 951 960 969 976 982 988 992 996 998 1000 1000 1000 998 996 992 988 982 976 969 960 951 941 930 918 905 891 876 861 844 827 809 790 771 750 729 707 685 661 637
637 613 588 562 536 509 482 454 426 397 368 339 309 279 249 218 187 156 125 94 63 31 0 31 63 94 125 156 187 218 249 279 309 339 368 397 426 454 482 509 536 562 588 613 637 661 685 707 729 750 771 790 809 827 844 861 876 891 905 918 930 941 951 960 969 976 982 988 992 996 998 1000 1000 1000 998 996 992 988 982 976 969 960 951 941 930 918 905 891 876 861 844 827 809 790 771 750 729 707 685 661
661 637 613 588 562 536 509 482 454 426 397 368 339 309 279 249 218 187 156 125 94 63 31 0 31 63 94 125 156 187 218 249 279 309 339 368 397 426 454 482 509 536 562 588 613 637 661 685 707 729 750 771 790 809 827 844 861 876 891 905 918 930 941 951 960 969 976 982 988 992 996 998 1000 1000 1000 998 996 992 988 982 976 969 960 951 941 930 918 905 891 876 861 844 827 809 790 771 750 729 707 685
685 661 637 613 588 562 536 509 482 454 426 397 368 339 309 279 249 218 187 156 125 94 63 31 0 31 63 94 125 156 187 218 249 279 309 339 368 397 426 454 482 509 536 562 588 613 637 661 685 707 729 750 771 790 809 827 844 861 876 891 905 918 930 941 951 960 969 976 982 988 992 996 998 1000 1000 1000 998 996 992 988 982 976 969 960 951 941 930 918 905 891 876 861 844 827 809 790 771 750 729 707
707 685 661 637 613 588 562 536 509 482 454 426 397 368 339 309 279 249 218 187 156 125 94 63 31 0 31 63 94 125 156 187 218 249 279 309 339 368 397 426 454 482 509 536 562 588 613 637 661 685 707 729 750 771 790 809 827 844 861 876 891 905 918 930 941 951 960 969 976 982 988 992 996 998 1000 1000 1000 998 996 992 988 982 976 969 960 951 941 930 918 905 891 876 861 844 827 809 790 771 750 729
729 707 685 661 637 613 588 562 536 509 482 454 426 397 368 339 309 279 249 218 187 156 125 94 63 31 0 31 63 94 125 156 187 218 249 279 309 339 368 397 426 454 482 509 536 562 588 613 637 661 685 707 729 750 771 790 809 827 844 861 876 891 905 918 930 941 951 960 969 976 982 988 992 996 998 1000 1000 1000 998 996 992 988 982 976 969 960 951 941 930 918 905 891 876 861 844 827 809 790 771 750
750 729 707 685 661 637 613 588 562 536 509 482 454 426 397 368 339 309 279 249 218 187 156 125 94 63 31 0 31 63 94 125 156 187 218 249 279 309 339 368 397 426 454 482 509 536 562 588 613 637 661 685 707 729 750 771 790 809 827 844 861 876 891 905 918 930 941 951 960 969 976 982 988 992 996 998 1000 1000 1000 998 996 992 988 982 976 969 960 951 941 930 918 905 891 876 861 844 827 809 790 771
771 750 729 707 685 661 637 613 588 562 536 509 482 454 426 397 368 339 309 279 249 218 187 156 125 94 63 31 0 31 63 94 125 156 187 218 249 279 309 339 368 397 426 454 482 509 536 562 588 613 637 661 685 707 729 750 771 790 809 827 844 861 876 891 905 918 930 941 951 960 969 976 982 988 992 996 998 1000 1000 1000 998 996 992 988 982 976 969 960 951 941 930 918 905 891 876 861 844 827 809 790
790 771 750 729 707 685 661 637 613 588 562 536 509 482 454 426 397 368 339 309 279 249 218 187 156 125 94 63 31 0 31 63 94 125 156 187 218 249 279 309 339 368 397 426 454 482 509 536 562 588 613 637 661 685 707 729 750 771 790 809 827 844 861 876 891 905 918 930 941 951 960 969 976 982 988 992 996 998 1000 1000 1000 998 996 992 988 982 976 969 960 951 941 930 918 905 891 876 861 844 827 809
809 790 771 750 729 707 685 661 637 613 588 562 536 509 482 454 426 397 368 339 309 279 249 218 187 156 125 94 63 31 0 31 63 94 125 156 187 218 249 279 309 339 368 397 426 454 482 509 536 562 588 613 637 661 685 707 729 750 771 790 809 827 844 861 876 891 905 918 930 941 951 960 969 976 982 988 992 996 998 1000 1000 1000 998 996 992 988 982 976 969 960 951 941 930 918 905 891 876 861 844 827
827 809 790 771 750 729 707 685 661 637 613 588 562 536 509 482 454 426 397 368 339 309 279 249 218 187 156 125 94 63 31 0 31 63 94 125 156 187 218 249 279 309 339 368 397 426 454 482 509 536 562 588 613 637 661 685 707 729 750 771 790 809 827 844 861 876 891 905 918 930 941 951 960 969 976 982 988 992 996 998 1000 1000 1000 998 996 992 988 982 976 969 960 951 941 930 918 905 891 876 861 844
844 827 809 790 771 750 729 707 685 661 637 613 588 562 536 509 482 454 426 397 368 339 309 279 249 218 187 156 125 94 63 31 0 31 63 94 125 156 187 218 249 279 309 339 368 397 426 454 482 509 536 562 588 613 637 661 685 707 729 750 771 790 809 827 844 861 876 891 905 918 930 941 951 960 969 976 982 988 992 996 998 1000 1000 1000 998 996 992 988 982 976 969 960 951 941 930 918 905 891 876 861
861 844 827 809 790 771 750 729 707 685 661 637 613 588 562 536 509 482 454 426 397 368 339 309 279 249 218 187 156 125 94 63 31 0 31 63 94 125 156 187 218 249 279 309 339 368 397 426 454 482 509 536 562 588 613 637 661 685 707 729 750 771 790 809 827 844 861 876 891 905 918 930 941 951 960 969 976 982 988 992 996 998 1000 1000 1000 998 996 992 988 982 976 969 960 951 941 930 918 905 891 876
876 861 844 827 809 790 771 750 729 707 685 661 637 613 588 562 536 509 482 454 426 397 368 339 309 279 249 218 187 156 125 94 63 31 0 31 63 94 125 156 187 218 249 279 309 339 368 397 426 454 482 509 536 562 588 613 637 661 685 707 729 750 771 790 809 827 844 861 876 891 905 918 930 941 951 960 969 976 982 988 992 996 998 1000 1000 1000 998 996 992 988 982 976 969 960 951 941 930 918 905 891
891 876 861 844 827 809 790 771 750 729 707 685 661 637 613 588 562 536 509 482 454 426 397 368 339 309 279 249 218 187 156 125 94 63 31 0 31 63 94 125 156 187 218 249 279 309 339 368 397 426 454 482 509 536 562 588 613 637 661 685 707 729 750 771 790 809 827 844 861 876 891 905 918 930 941 951 960 969 976 982 988 992 996 998 1000 1000 1000 998 996 992 988 982 976 969 960 951 941 930 918 905
905 891 876 861 844 827 809 790 771 750 729 707 685 661 637 613 588 562 536 509 482 454 426 397 368 339 309 279 249 218 187 156 125 94 63 31 0 31 63 94 125 156 187 218 249 279 309 339 368 397 426 454 482 509 536 562 588 613 637 661 685 707 729 750 771 790 809 827 844 861 876 891 905 918 930 941 951 960 969 976 982 988 992 996 998 1000 1000 1000 998 996 992 988 982 976 969 960 951 941 930 918
918 905 891 876 861 844 827 809 790 771 750 729 707 685 661 637 613 588 562 536 509 482 454 426 397 368 339 309 279 249 218 187 156 125 94 63 31 0 31 63 94 125 156 187 218 249 279 309 339 368 397 426 454 482 509 536 562 588 613 637 661 685 707 729 750 771 790 809 827 844 861 876 891 905 918 930 941 951 960 969 976 982 988 992 996 998 1000 1000 1000 998 996 992 988 982 976 969 960 951 941 930
930 918 905 891 876 861 844 827 809 790 771 750 729 707 685 661 637 613 588 562 536 509 482 454 426 397 368 339 309 279 249 218 187 156 125 94 63 31 0 31 63 94 125 156 187 218 249 279 309 339 368 397 426 454 482 509 536 562 588 613 637 661 685 707 729 750 771 790 809 827 844 861 876 891 905 918 930 941 951 960 969 976 982 988 992 996 998 1000 1000 1000 998 996 992 988 982 976 969 960 951 941
941 930 918 905 891 876 861 844 827 809 790 771 750 729 707 685 661 637 613 588 562 536 509 482 454 426 397 368 339 309 279 249 218 187 156 125 94 63 31 0 31 63 94 125 156 187 218 249 279 309 339 368 397 426 454 482 509 536 562 588 613 637 661 685 707 729 750 771 790 809 827 844 861 876 891 905 918 930 941 951 960 969 976 982 988 992 996 998 1000 1000 1000 998 996 992 988 982 976 969 960 951
951 941 930 918 905 891 876 861 844 827 809 790 771 750 729 707 685 661 637 613 588 562 536 509 482 454 426 397 368 339 309 279 249 218 187 156 125 94 63 31 0 31 63 94 125 156 187 218 249 279 309 339 368 397 426 454 482 509 536 562 588 613 637 661 685 707 729 750 771 790 809 827 844 861 876 891 905 918 930 941 951 960 969 976 982 988 992 996 998 1000 1000 1000 998 996 992 988 982 976 969 960
960 951 941 930 918 905 891 876 861 844 827 809 790 771 750 729 707 685 661 637 613 588 562 536 509 482 454 426 397 368 339 309 279 249 218 187 156 125 94 63 31 0 31 63 94 125 156 187 218 249 279 309 339 368 397 426 454 482 509 536 562 588 613 637 661 685 707 729 750 771 790 809 827 844 861 876 891 905 918 930 941 951 960 969 976 982 988 992 996 998 1000 1000 1000 998 996 992 988 982 976 969
969 960 951 941 930 918 905 891 876 861 844 827 809 790 771 750 729 707 685 661 637 613 588 562 536 509 482 454 426 397 368 339 309 279 249 218 187 156 125 94 63 31 0 31 63 94 125 156 187 218 249 279 309 339 368 397 426 454 482 509 536 562 588 613 637 661 685 707 729 750 771 790 809 827 844 861 876 891 905 918 930 941 951 960 969 976 982 988 992 996 998 1000 1000 1000 998 996 992 988 982 976
976 969 960 951 941 930 918 905 891 876 861 844 827 809 790 771 750 729 707 685 661 637 613 588 562 536 509 482 454 426 397 368 339 309 279 249 218 187 156 125 94 63 31 0 31 63 94 125 156 187 218 249 279 309 339 368 397 426 454 482 509 536 562 588 613 637 661 685 707 729 750 771 790 809 827 844 861 876 891 905 918 930 941 951 960 969 976 982 988 992 996 998 1000 1000 1000 998 996 992 988 982
982 976 969 960 951 941 930 918 905 891 876 861 844 827 809 790 771 750 729 707 685 661 637 613 588 562 536 509 482 454 426 397 368 339 309 279 249 218 187 156 125 94 63 31 0 31 63 94 125 156 187 218 249 279 309 339 368 397 426 454 482 509 536 562 588 613 637 661 685 707 729 750 771 790 809 827 844 861 876 891 905 918 930 941 951 960 969 976 982 988 992 996 998 1000 1000 1000 998 996 992 988
988 982 976 969 960 951 941 930 918 905 891 876 861 844 827 809 790 771 750 729 707 685 661 637 613 588 562 536 509 482 454 426 397 368 339 309 279 249 218 187 156 125 94 63 31 0 31 63 94 125 156 187 218 249 279 309 339 368 397 426 454 482 509 536 562 588 613 637 661 685 707 729 750 771 790 809 827 844 861 876 891 905 918 930 941 951 960 969 976 982 988 992 996 998 1000 1000 1000 998 996 992
992 988 982 976 969 960 951 941 930 918 905 891 876 861 844 827 809 790 771 750 729 707 685 661 637 613 588 562 536 509 482 454 426 397 368 339 309 279 249 218 187 156 125 94 63 31 0 31 63 94 125 156 187 218 249 279 309 339 368 397 426 454 482 509 536 562 588 613 637 661 685 707 729 750 771 790 809 827 844 861 876 891 905 918 930 941 951 960 969 976 982 988 992 996 998 1000 1000 1000 998 996
996 992 988 982 976 969 960 951 941 930 918 905 891 876 861 844 827 809 790 771 750 729 707 685 661 637 613 588 562 536 509 482 454 426 397 368 339 309 279 249 218 187 156 125 94 63 31 0 31 63 94 125 156 187 218 249 279 309 339 368 397 426 454 482 509 536 562 588 613 637 661 685 707 729 750 771 790 809 827 844 861 876 891 905 918 930 941 951 960 969 976 982 988 992 996 998 1000 1000 1000 998
998 996 992 988 982 976 969 960 951 941 930 918 905 891 876 861 844 827 809 790 771 750 729 707 685 661 637 613 588 562 536 509 482 454 426 397 368 339 309 279 249 218 187 156 125 94 63 31 0 31 63 94 125 156 187 218 249 279 309 339 368 397 426 454 482 509 536 562 588 613 637 661 685 707 729 750 771 790 809 827 844 861 876 891 905 918 930 941 951 960 969 976 982 988 992 996 998 1000 1000 1000
1000 998 996 992 988 982 976 969 960 951 941 930 918 905 891 876 861 844 827 809 790 771 750 729 707 685 661 637 613 588 562 536 509 482 454 426 397 368 339 309 279 249 218 187 156 125 94 63 31 0 31 63 94 125 156 187 218 249 279 309 339 368 397 426 454 482 509 536 562 588 613 637 661 685 707 729 750 771 790 809 827 844 861 876 891 905 918 930 941 951 960 969 976 982 988 992 996 998 1000 1000
1000 1000 998 996 992 988 982 976 969 960 951 941 930 918 905 891 876 861 844 827 809 790 771 750 729 707 685 661 637 613 588 562 536 509 482 454 426 397 368 339 309 279 249 218 187 156 125 94 63 31 0 31 63 94 125 156 187 218 249 279 309 339 368 397 426 454 482 509 536 562 588 613 637 661 685 707 729 750 771 790 809 827 844 861 876 891 905 918 930 941 951 960 969 976 982 988 992 996 998 1000
1000 1000 1000 998 996 992 988 982 976 969 960 951 941 930 918 905 891 876 861 844 827 809 790 771 750 729 707 685 661 637 613 588 562 536 509 482 454 426 397 368 339 309 279 249 218 187 156 125 94 63 31 0 31 63 94 125 156 187 218 249 279 309 339 368 397 426 454 482 509 536 562 588 613 637 661 685 707 729 750 771 790 809 827 844 861 876 891 905 918 930 941 951 960 969 976 982 988 992 996 998
998 1000 1000 1000 998 996 992 988 982 976 969 960 951 941 930 918 905 891 876 861 844 827 809 790 771 750 729 707 685 661 637 613 588 562 536 509 482 454 426 397 368 339 309 279 249 218 187 156 125 94 63 31 0 31 63 94 125 156 187 218 249 279 309 339 368 397 426 454 482 509 536 562 588 613 637 661 685 707 729 750 771 790 809 827 844 861 876 891 905 918 930 941 951 960 969 976 982 988 992 996
996 998 1000 1000 1000 998 996 992 988 982 976 969 960 951 941 930 918 905 891 876 861 844 827 809 790 771 750 729 707 685 661 637 613 588 562 536 509 482 454 426 397 368 339 309 279 249 218 187 156 125 94 63 31 0 31 63 94 125 156 187 218 249 279 309 339 368 397 426 454 482 509 536 562 588 613 637 661 685 707 729 750 771 790 809 827 844 861 876 891 905 918 930 941 951 960 969 976 982 988 992
992 996 998 1000 1000 1000 998 996 992 988 982 976 969 960 951 941 930 918 905 891 876 861 844 827 809 790 771 750 729 707 685 661 637 613 588 562 536 509 482 454 426 397 368 339 309 279 249 218 187 156 125 94 63 31 0 31 63 94 125 156 187 218 249 279 309 339 368 397 426 454 482 509 536 562 588 613 637 661 685 707 729 750 771 790 809 827 844 861 876 891 905 918 930 941 951 960 969 976 982 988
988 992 996 998 1000 1000 1000 998 996 992 988 982 976 969 960 951 941 930 918 905 891 876 861 844 827 809 790 771 750 729 707 685 661 637 613 588 562 536 509 482 454 426 397 368 339 309 279 249 218 187 156 125 94 63 31 0 31 63 94 125 156 187 218 249 279 309 339 368 397 426 454 482 509 536 562 588 613 637 661 685 707 729 750 771 790 809 827 844 861 876 891 905 918 930 941 951 960 969 976 982
982 988 992 996 998 1000 1000 1000 998 996 992 988 982 976 969 960 951 941 930 918 905 891 876 861 844 827 809 790 771 750 729 707 685 661 637 613 588 562 536 509 482 454 426 397 368 339 309 279 249 218 187 156 125 94 63 31 0 31 63 94 125 156 187 218 249 279 309 339 368 397 426 454 482 509 536 562 588 613 637 661 685 707 729 750 771 790 809 827 844 861 876 891 905 918 930 941 951 960 969 976
976 982 988 992 996 998 1000 1000 1000 998 996 992 988 982 976 969 960 951 941 930 918 905 891 876 861 844 827 809 790 771 750 729 707 685 661 637 613 588 562 536 509 482 454 426 397 368 339 309 279 249 218 187 156 125 94 63 31 0 31 63 94 125 156 187 218 249 279 309 339 368 397 426 454 482 509 536 562 588 613 637 661 685 707 729 750 771 790 809 827 844 861 876 891 905 918 930 941 951 960 969
969 976 982 988 992 996 998 1000 1000 1000 998 996 992 988 982 976 969 960 951 941 930 918 905 891 876 861 844 827 809 790 771 750 729 707 685 661 637 613 588 562 536 509 482 454 426 397 368 339 309 279 249 218 187 156 125 94 63 31 0 31 63 94 125 156 187 218 249 279 309 339 368 397 426 454 482 509 536 562 588 613 637 661 685 707 729 750 771 790 809 827 844 861 876 891 905 918 930 941 951 960
960 969 976 982 988 992 996 998 1000 1000 1000 998 996 992 988 982 976 969 960 951 941 930 918 905 891 876 861 844 827 809 790 771 750 729 707 685 661 637 613 588 562 536 509 482 454 426 397 368 339 309 279 249 218 187 156 125 94 63 31 0 31 63 94 125 156 187 218 249 279 309 339 368 397 426 454 482 509 536 562 588 613 637 661 685 707 729 750 771 790 809 827 844 861 876 891 905 918 930 941 951
951 960 969 976 982 988 992 996 998 1000 1000 1000 998 996 992 988 982 976 969 960 951 941 930 918 905 891 876 861 844 827 809 790 771 750 729 707 685 661 637 613 588 562 536 509 482 454 426 397 368 339 309 279 249 218 187 156 125 94 63 31 0 31 63 94 125 156 187 218 249 279 309 339 368 397 426 454 482 509 536 562 588 613 637 661 685 707 729 750 771 790 809 827 844 861 876 891 905 918 930 941
941 951 960 969 976 982 988 992 996 998 1000 1000 1000 998 996 992 988 982 976 969 960 951 941 930 918 905 891 876 861 844 827 809 790 771 750 729 707 685 661 637 613 588 562 536 509 482 454 426 397 368 339 309 279 249 218 187 156 125 94 63 31 0 31 63 94 125 156 187 218 249 279 309 339 368 397 426 454 482 509 536 562 588 613 637 661 685 707 729 750 771 790 809 827 844 861 876 891 905 918 930
930 941 951 960 969 976 982 988 992 996 998 1000 1000 1000 998 996 992 988 982 976 969 960 951 941 930 918 905 891 876 861 844 827 809 790 771 750 729 707 685 661 637 613 588 562 536 509 482 454 426 397 368 339 309 279 249 218 187 156 125 94 63 31 0 31 63 94 125 156 187 218 249 279 309 339 368 397 426 454 482 509 536 562 588 613 637 661 685 707 729 750 771 790 809 827 844 861 876 891 905 918
918 930 941 951 960 969 976 982 988 992 996 998 1000 1000 1000 998 996 992 988 982 976 969 960 951 941 930 918 905 891 876 861 844 827 809 790 771 750 729 707 685 661 637 613 588 562 536 509 482 454 426 397 368 339 309 279 249 218 187 156 125 94 63 31 0 31 63 94 125 156 187 218 249 279 309 339 368 397 426 454 482 509 536 562 588 613 637 661 685 707 729 750 771 790 809 827 844 861 876 891 905
905 918 930 941 951 960 969 976 982 988 992 996 998 1000 1000 1000 998 996 992 988 982 976 969 960 951 941 930 918 905 891 876 861 844 827 809 790 771 750 729 707 685 661 637 613 588 562 536 509 482 454 426 397 368 339 309 279 249 218 187 156 125 94 63 31 0 31 63 94 125 156 187 218 249 279 309 339 368 397 426 454 482 509 536 562 588 613 637 661 685 707 729 750 771 790 809 827 844 861 876 891
891 905 918 930 941 951 960 969 976 982 988 992 996 998 1000 1000 1000 998 996 992 988 982 976 969 960 951 941 930 918 905 891 876 861 844 827 809 790 771 750 729 707 685 661 637 613 588 562 536 509 482 454 426 397 368 339 309 279 249 218 187 156 125 94 63 31 0 31 63 94 125 156 187 218 249 279 309 339 368 397 426 454 482 509 536 562 588 613 637 661 685 707 729 750 771 790 809 827 844 861 876
876 891 905 918 930 941 951 960 969 976 982 988 992 996 998 1000 1000 1000 998 996 992 988 982 976 969 960 951 941 930 918 905 891 876 861 844 827 809 790 771 750 729 707 685 661 637 613 588 562 536 509 482 454 426 397 368 339 309 279 249 218 187 156 125 94 63 31 0 31 63 94 125 156 187 218 249 279 309 339 368 397 426 454 482 509 536 562 588 613 637 661 685 707 729 750 771 790 809 827 844 861
861 876 891 905 918 930 941 951 960 969 976 982 988 992 996 998 1000 1000 1000 998 996 992 988 982 976 969 960 951 941 930 918 905 891 876 861 844 827 809 790 771 750 729 707 685 661 637 613 588 562 536 509 482 454 426 397 368 339 309 279 249 218 187 156 125 94 63 31 0 31 63 94 125 156 187 218 249 279 309 339 368 397 426 454 482 509 536 562 588 613 637 661 685 707 729 750 771 790 809 827 844
844 861 876 891 905 918 930 941 951 960 969 976 982 988 992 996 998 1000 1000 1000 998 996 992 988 982 976 969 960 951 941 930 918 905 891 876 861 844 827 809 790 771 750 729 707 685 661 637 613 588 562 536 509 482 454 426 397 368 339 309 279 249 218 187 156 125 94 63 31 0 31 63 94 125 156 187 218 249 279 309 339 368 397 426 454 482 509 536 562 588 613 637 661 685 707 729 750 771 790 809 827
827 844 861 876 891 905 918 930 941 951 960 969 976 982 988 992 996 998 1000 1000 1000 998 996 992 988 982 976 969 960 951 941 930 918 905 891 876 861 844 827 809 790 771 750 729 707 685 661 637 613 588 562 536 509 482 454 426 397 368 339 309 279 249 218 187 156 125 94 63 31 0 31 63 94 125 156 187 218 249 279 309 339 368 397 426 454 482 509 536 562 588 613 637 661 685 707 729 750 771 790 809
809 827 844 861 876 891 905 918 930 941 951 960 969 976 982 988 992 996 998 1000 1000 1000 998 996 992 988 982 976 969 960 951 941 930 918 905 891 876 861 844 827 809 790 771 750 729 707 685 661 637 613 588 562 536 509 482 454 426 397 368 339 309 279 249 218 187 156 125 94 63 31 0 31 63 94 125 156 187 218 249 279 309 339 368 397 426 454 482 509 536 562 588 613 637 661 685 707 729 750 771 790
790 809 827 844 861 876 891 905 918 930 941 951 960 969 976 982 988 992 996 998 1000 1000 1000 998 996 992 988 982 976 969 960 951 941 930 918 905 891 876 861 844 827 809 790 771 750 729 707 685 661 637 613 588 562 536 509 482 454 426 397 368 339 309 279 249 218 187 156 125 94 63 31 0 31 63 94 125 156 187 218 249 279 309 339 368 397 426 454 482 509 536 562 588 613 637 661 685 707 729 750 771
771 790 809 827 844 861 876 891 905 918 930 941 951 960 969 976 982 988 992 996 998 1000 1000 1000 998 996 992 988 982 976 969 960 951 941 930 918 905 891 876 861 844 827 809 790 771 750 729 707 685 661 637 613 588 562 536 509 482 454 426 397 368 339 309 279 249 218 187 156 125 94 63 31 0 31 63 94 125 156 187 218 249 279 309 339 368 397 426 454 482 509 536 562 588 613 637 661 685 707 729 750
750 771 790 809 827 844 861 876 891 905 918 930 941 951 960 969 976 982 988 992 996 998 1000 1000 1000 998 996 992 988 982 976 969 960 951 941 930 918 905 891 876 861 844 827 809 790 771 750 729 707 685 661 637 613 588 562 536 509 482 454 426 397 368 339 309 279 249 218 187 156 125 94 63 31 0 31 63 94 125 156 187 218 249 279 309 339 368 397 426 454 482 509 536 562 588 613 637 661 685 707 729
729 750 771 790 809 827 844 861 876 891 905 918 930 941 951 960 969 976 982 988 992 996 998 1000 1000 1000 998 996 992 988 982 976 969 960 951 941 930 918 905 891 876 861 844 827 809 790 771 750 729 707 685 661 637 613 588 562 536 509 482 454 426 397 368 339 309 279 249 218 187 156 125 94 63 31 0 31 63 94 125 156 187 218 249 279 309 339 368 397 426 454 482 509 536 562 588 613 637 661 685 707
707 729 750 771 790 809 827 844 861 876 891 905 918 930 941 951 960 969 976 982 988 992 996 998 1000 1000 1000 998 996 992 988 982 976 969 960 951 941 930 918 905 891 876 861 844 827 809 790 771 750 729 707 685 661 637 613 588 562 536 509 482 454 426 397 368 339 309 279 249 218 187 156 125 94 63 31 0 31 63 94 125 156 187 218 249 279 309 339 368 397 426 454 482 509 536 562 588 613 637 661 685
685 707 729 750 771 790 809 827 844 861 876 891 905 918 930 941 951 960 969 976 982 988 992 996 998 1000 1000 1000 998 996 992 988 982 976 969 960 951 941 930 918 905 891 876 861 844 827 809 790 771 750 729 707 685 661 637 613 588 562 536 509 482 454 426 397 368 339 309 279 249 218 187 156 125 94 63 31 0 31 63 94 125 156 187 218 249 279 309 339 368 397 426 454 482 509 536 562 588 613 637 661
661 685 707 729 750 771 790 809 827 844 861 876 891 905 918 930 941 951 960 969 976 982 988 992 996 998 1000 1000 1000 998 996 992 988 982 976 969 960 951 941 930 918 905 891 876 861 844 827 809 790 771 750 729 707 685 661 637 613 588 562 536 509 482 454 426 397 368 339 309 279 249 218 187 156 125 94 63 31 0 31 63 94 125 156 187 218 249 279 309 339 368 397 426 454 482 509 536 562 588 613 637
637 661 685 707 729 750 771 790 809 827 844 861 876 891 905 918 930 941 951 960 969 976 982 988 992 996 998 1000 1000 1000 998 996 992 988 982 976 969 960 951 941 930 918 905 891 876 861 844 827 809 790 771 750 729 707 685 661 637 613 588 562 536 509 482 454 426 397 368 339 309 279 249 218 187 156 125 94 63 31 0 31 63 94 125 156 187 218 249 279 309 339 368 397 426 454 482 509 536 562 588 613
613 637 661 685 707 729 750 771 790 809 827 844 861 876 891 905 918 930 941 951 960 969 976 982 988 992 996 998 1000 1000 1000 998 996 992 988 982 976 969 960 951 941 930 918 905 891 876 861 844 827 809 790 771 750 729 707 685 661 637 613 588 562 536 509 482 454 426 397 368 339 309 279 249 218 187 156 125 94 63 31 0 31 63 94 125 156 187 218 249 279 309 339 368 397 426 454 482 509 536 562 588
588 613 637 661 685 707 729 750 771 790 809 827 844 861 876 891 905 918 930 941 951 960 969 976 982 988 992 996 998 1000 1000 1000 998 996 992 988 982 976 969 960 951 941 930 918 905 891 876 861 844 827 809 790 771 750 729 707 685 661 637 613 588 562 536 509 482 454 426 397 368 339 309 279 249 218 187 156 125 94 63 31 0 31 63 94 125 156 187 218 249 279 309 339 368 397 426 454 482 509 536 562
562 588 613 637 661 685 707 729 750 771 790 809 827 844 861 876 891 905 918 930 941 951 960 969 976 982 988 992 996 998 1000 1000 1000 998 996 992 988 982 976 969 960 951 941 930 918 905 891 876 861 844 827 809 790 771 750 729 707 685 661 637 613 588 562 536 509 482 454 426 397 368 339 309 279 249 218 187 156 125 94 63 31 0 31 63 94 125 156 187 218 249 279 309 339 368 397 426 454 482 509 536
536 562 588 613 637 661 685 707 729 750 771 790 809 827 844 861 876 891 905 918 930 941 951 960 969 976 982 988 992 996 998 1000 1000 1000 998 996 992 988 982 976 969 960 951 941 930 918 905 891 876 861 844 827 809 790 771 750 729 707 685 661 637 613 588 562 536 509 482 454 426 397 368 339 309 279 249 218 187 156 125 94 63 31 0 31 63 94 125 156 187 218 249 279 309 339 368 397 426 454 482 509
509 536 562 588 613 637 661 685 707 729 750 771 790 809 827 844 861 876 891 905 918 930 941 951 960 969 976 982 988 992 996 998 1000 1000 1000 998 996 992 988 982 976 969 960 951 941 930 918 905 891 876 861 844 827 809 790 771 750 729 707 685 661 637 613 588 562 536 509 482 454 426 397 368 339 309 279 249 218 187 156 125 94 63 31 0 31 63 94 125 156 187 218 249 279 309 339 368 397 426 454 482
482 509 536 562 588 613 637 661 685 707 729 750 771 790 809 827 844 861 876 891 905 918 930 941 951 960 969 976 982 988 992 996 998 1000 1000 1000 998 996 992 988 982 976 969 960 951 941 930 918 905 891 876 861 844 827 809 790 771 750 729 707 685 661 637 613 588 562 536 509 482 454 426 397 368 339 309 279 249 218 187 156 125 94 63 31 0 31 63 94 125 156 187 218 249 279 309 339 368 397 426 454
454 482 509 536 562 588 613 637 661 685 707 729 750 771 790 809 827 844 861 876 891 905 918 930 941 951 960 969 976 982 988 992 996 998 1000 1000 1000 998 996 992 988 982 976 969 960 951 941 930 918 905 891 876 861 844 827 809 790 771 750 729 707 685 661 637 613 588 562 536 509 482 454 426 397 368 339 309 279 249 218 187 156 125 94 63 31 0 31 63 94 125 156 187 218 249 279 309 339 368 397 426
426 454 482 509 536 562 588 613 637 661 685 707 729 750 771 790 809 827 844 861 876 891 905 918 930 941 951 960 969 976 982 988 992 996 998 1000 1000 1000 998 996 992 988 982 976 969 960 951 941 930 918 905 891 876 861 844 827 809 790 771 750 729 707 685 661 637 613 588 562 536 509 482 454 426 397 368 339 309 279 249 218 187 156 125 94 63 31 0 31 63 94 125 156 187 218 249 279 309 339 368 397
397 426 454 482 509 536 562 588 613 637 661 685 707 729 750 771 790 809 827 844 861 876 891 905 918 930 941 951 960 969 976 982 988 992 996 998 1000 1000 1000 998 996 992 988 982 976 969 960 951 941 930 918 905 891 876 861 844 827 809 790 771 750 729 707 685 661 637 613 588 562 536 509 482 454 426 397 368 339 309 279 249 218 187 156 125 94 63 31 0 31 63 94 125 156 187 218 249 279 309 339 368
368 397 426 454 482 509 536 562 588 613 637 661 685 707 729 750 771 790 809 827 844 861 876 891 905 918 930 941 951 960 969 976 982 988 992 996 998 1000 1000 1000 998 996 992 988 982 976 969 960 951 941 930 918 905 891 876 861 844 827 809 790 771 750 729 707 685 661 637 613 588 562 536 509 482 454 426 397 368 339 309 279 249 218 187 156 125 94 63 31 0 31 63 94 125 156 187 218 249 279 309 339
339 368 397 426 454 482 509 536 562 588 613 637 661 685 707 729 750 771 790 809 827 844 861 876 891 905 918 930 941 951 960 969 976 982 988 992 996 998 1000 1000 1000 998 996 992 988 982 976 969 960 951 941 930 918 905 891 876 861 844 827 809 790 771 750 729 707 685 661 637 613 588 562 536 509 482 454 426 397 368 339 309 279 249 218 187 156 125 94 63 31 0 31 63 94 125 156 187 218 249 279 309
309 339 368 397 426 454 482 509 536 562 588 613 637 661 685 707 729 750 771 790 809 827 844 861 876 891 905 918 930 941 951 960 969 976 982 988 992 996 998 1000 1000 1000 998 996 992 988 982 976 969 960 951 941 930 918 905 891 876 861 844 827 809 790 771 750 729 707 685 661 637 613 588 562 536 509 482 454 426 397 368 339 309 279 249 218 187 156 125 94 63 31 0 31 63 94 125 156 187 218 249 279
279 309 339 368 397 426 454 482 509 536 562 588 613 637 661 685 707 729 750 771 790 809 827 844 861 876 891 905 918 930 941 951 960 969 976 982 988 992 996 998 1000 1000 1000 998 996 992 988 982 976 969 960 951 941 930 918 905 891 876 861 844 827 809 790 771 750 729 707 685 661 637 613 588 562 536 509 482 454 426 397 368 339 309 279 249 218 187 156 125 94 63 31 0 31 63 94 125 156 187 218 249
249 279 309 339 368 397 426 454 482 509 536 562 588 613 637 661 685 707 729 750 771 790 809 827 844 861 876 891 905 918 930 941 951 960 969 976 982 988 992 996 998 1000 1000 1000 998 996 992 988 982 976 969 960 951 941 930 918 905 891 876 861 844 827 809 790 771 750 729 707 685 661 637 613 588 562 536 509 482 454 426 397 368 339 309 279 249 218 187 156 125 94 63 31 0 31 63 94 125 156 187 218
218 249 279 309 339 368 397 426 454 482 509 536 562 588 613 637 661 685 707 729 750 771 790 809 827 844 861 876 891 905 918 930 941 951 960 969 976 982 988 992 996 998 1000 1000 1000 998 996 992 988 982 976 969 960 951 941 930 918 905 891 876 861 844 827 809 790 771 750 729 707 685 661 637 613 588 562 536 509 482 454 426 397 368 339 309 279 249 218 187 156 125 94 63 31 0 31 63 94 125 156 187
187 218 249 279 309 339 368 397 426 454 482 509 536 562 588 613 637 661 685 707 729 750 771 790 809 827 844 861 876 891 905 918 930 941 951 960 969 976 982 988 992 996 998 1000 1000 1000 998 996 992 988 982 976 969 960 951 941 930 918 905 891 876 861 844 827 809 790 771 750 729 707 685 661 637 613 588 562 536 509 482 454 426 397 368 339 309 279 249 218 187 156 125 94 63 31 0 31 63 94 125 156
156 187 218 249 279 309 339 368 397 426 454 482 509 536 562 588 613 637 661 685 707 729 750 771 790 809 827 844 861 876 891 905 918 930 941 951 960 969 976 982 988 992 996 998 1000 1000 1000 998 996 992 988 982 976 969 960 951 941 930 918 905 891 876 861 844 827 809 790 771 750 729 707 685 661 637 613 588 562 536 509 482 454 426 397 368 339 309 279 249 218 187 156 125 94 63 31 0 31 63 94 125
125 156 187 218 249 279 309 339 368 397 426 454 482 509 536 562 588 613 637 661 685 707 729 750 771 790 809 827 844 861 876 891 905 918 930 941 951 960 969 976 982 988 992 996 998 1000 1000 1000 998 996 992 988 982 976 969 960 951 941 930 918 905 891 876 861 844 827 809 790 771 750 729 707 685 661 637 613 588 562 536 509 482 454 426 397 368 339 309 279 249 218 187 156 125 94 63 31 0 31 63 94
94 125 156 187 218 249 279 309 339 368 397 426 454 482 509 536 562 588 613 637 661 685 707 729 750 771 790 809 827 844 861 876 891 905 918 930 941 951 960 969 976 982 988 992 996 998 1000 1000 1000 998 996 992 988 982 976 969 960 951 941 930 918 905 891 876 861 844 827 809 790 771 750 729 707 685 661 637 613 588 562 536 509 482 454 426 397 368 339 309 279 249 218 187 156 125 94 63 31 0 31 63
63 94 125 156 187 218 249 279 309 339 368 397 426 454 482 509 536 562 588 613 637 661 685 707 729 750 771 790 809 827 844 861 876 891 905 918 930 941 951 960 969 976 982 988 992 996 998 1000 1000 1000 998 996 992 988 982 976 969 960 951 941 930 918 905 891 876 861 844 827 809 790 771 750 729 707 685 661 637 613 588 562 536 509 482 454 426 397 368 339 309 279 249 218 187 156 125 94 63 31 0 31
31 63 94 125 156 187 218 249 279 309 339 368 397 426 454 482 509 536 562 588 613 637 661 685 707 729 750 771 790 809 827 844 861 876 891 905 918 930 941 951 960 969 976 982 988 992 996 998 1000 1000 1000 998 996 992 988 982 976 969 960 951 941 930 918 905 891 876 861 844 827 809 790 771 750 729 707 685 661 637 613 588 562 536 509 482 454 426 397 368 339 309 279 249 218 187 156 125 94 63 31 0
