50 1225
0 63 125 187 249 309 368 426 482 536 588 637 685 729 771 809 844 876 905 930 951 969 982 992 998 1000 998 992 982 969 951 930 905 876 844 809 771 729 685 637 588 536 482 426 368 309 249 187 125 63
63 0 63 125 187 249 309 368 426 482 536 588 637 685 729 771 809 844 876 905 930 951 969 982 992 998 1000 998 992 982 969 951 930 905 876 844 809 771 729 685 637 588 536 482 426 368 309 249 187 125
125 63 0 63 125 187 249 309 368 426 482 536 588 637 685 729 771 809 844 876 905 930 951 969 982 992 998 1000 998 992 982 969 951 930 905 876 844 809 771 729 685 637 588 536 482 426 368 309 249 187
187 125 63 0 63 125 187 249 309 368 426 482 536 588 637 685 729 771 809 844 876 905 930 951 969 982 992 998 1000 998 992 982 969 951 930 905 876 844 809 771 729 685 637 588 536 482 426 368 309 249
249 187 125 63 0 63 125 187 249 309 368 426 482 536 588 637 685 729 771 809 844 876 905 930 951 969 982 992 998 1000 998 992 982 969 951 930 905 876 844 809 771 729 685 637 588 536 482 426 368 309
309 249 187 125 63 0 63 125 187 249 309 368 426 482 536 588 637 685 729 771 809 844 876 905 930 951 969 982 992 998 1000 998 992 982 969 951 930 905 876 844 809 771 729 685 637 588 536 482 426 368
368 309 249 187 125 63 0 63 125 187 249 309 368 426 482 536 588 637 685 729 771 809 844 876 905 930 951 969 982 992 998 1000 998 992 982 969 951 930 905 876 844 809 771 729 685 637 588 536 482 426
426 368 309 249 187 125 63 0 63 125 187 249 309 368 426 482 536 588 637 685 729 771 809 844 876 905 930 951 969 982 992 998 1000 998 992 982 969 951 930 905 876 844 809 771 729 685 637 588 536 482
482 426 368 309 249 187 125 63 0 63 125 187 249 309 368 426 482 536 588 637 685 729 771 809 844 876 905 930 951 969 982 992 998 1000 998 992 982 969 951 930 905 876 844 809 771 729 685 637 588 536
536 482 426 368 309 249 187 125 63 0 63 125 187 249 309 368 426 482 536 588 637 685 729 771 809 844 876 905 930 951 969 982 992 998 1000 998 992 982 969 951 930 905 876 844 809 771 729 685 637 588
588 536 482 426 368 309 249 187 125 63 0 63 125 187 249 309 368 426 482 536 588 637 685 729 771 809 844 876 905 930 951 969 982 992 998 1000 998 992 982 969 951 930 905 876 844 809 771 729 685 637
637 588 536 482 426 368 309 249 187 125 63 0 63 125 187 249 309 368 426 482 536 588 637 685 729 771 809 844 876 905 930 951 969 982 992 998 1000 998 992 982 969 951 930 905 876 844 809 771 729 685
685 637 588 536 482 426 368 309 249 187 125 63 0 63 125 187 249 309 368 426 482 536 588 637 685 729 771 809 844 876 905 930 951 969 982 992 998 1000 998 992 982 969 951 930 905 876 844 809 771 729
729 685 637 588 536 482 426 368 309 249 187 125 63 0 63 125 187 249 309 368 426 482 536 588 637 685 729 771 809 844 876 905 930 951 969 982 992 998 1000 998 992 982 969 951 930 905 876 844 809 771
771 729 685 637 588 536 482 426 368 309 249 187 125 63 0 63 125 187 249 309 368 426 482 536 588 637 685 729 771 809 844 876 905 930 951 969 982 992 998 1000 998 992 982 969 951 930 905 876 844 809
809 771 729 685 637 588 536 482 426 368 309 249 187 125 63 0 63 125 187 249 309 368 426 482 536 588 637 685 729 771 809 844 876 905 930 951 969 982 992 998 1000 998 992 982 969 951 930 905 876 844
844 809 771 729 685 637 588 536 482 426 368 309 249 187 125 63 0 63 125 187 249 309 368 426 482 536 588 637 685 729 771 809 844 876 905 930 951 969 982 992 998 1000 998 992 982 969 951 930 905 876
876 844 809 771 729 685 637 588 536 482 426 368 309 249 187 125 63 0 63 125 187 249 309 368 426 482 536 588 637 685 729 771 809 844 876 905 930 951 969 982 992 998 1000 998 992 982 969 951 930 905
905 876 844 809 771 729 685 637 588 536 482 426 368 309 249 187 125 63 0 63 125 187 249 309 368 426 482 536 588 637 685 729 771 809 844 876 905 930 951 969 982 992 998 1000 998 992 982 969 951 930
930 905 876 844 809 771 729 685 637 588 536 482 426 368 309 249 187 125 63 0 63 125 187 249 309 368 426 482 536 588 637 685 729 771 809 844 876 905 930 951 969 982 992 998 1000 998 992 982 969 951
951 930 905 876 844 809 771 729 685 637 588 536 482 426 368 309 249 187 125 63 0 63 125 187 249 309 368 426 482 536 588 637 685 729 771 809 844 876 905 930 951 969 982 992 998 1000 998 992 982 969
969 951 930 905 876 844 809 771 729 685 637 588 536 482 426 368 309 249 187 125 63 0 63 125 187 249 309 368 426 482 536 588 637 685 729 771 809 844 876 905 930 951 969 982 992 998 1000 998 992 982
982 969 951 930 905 876 844 809 771 729 685 637 588 536 482 426 368 309 249 187 125 63 0 63 125 187 249 309 368 426 482 536 588 637 685 729 771 809 844 876 905 930 951 969 982 992 998 1000 998 992
992 982 969 951 930 905 876 844 809 771 729 685 637 588 536 482 426 368 309 249 187 125 63 0 63 125 187 249 309 368 426 482 536 588 637 685 729 771 809 844 876 905 930 951 969 982 992 998 1000 998
998 992 982 969 951 930 905 876 844 809 771 729 685 637 588 536 482 426 368 309 249 187 125 63 0 63 125 187 249 309 368 426 482 536 588 637 685 729 771 809 844 876 905 930 951 969 982 992 998 1000
1000 998 992 982 969 951 930 905 876 844 809 771 729 685 637 588 536 482 426 368 309 249 187 125 63 0 63 125 187 249 309 368 426 482 536 588 637 685 729 771 809 844 876 905 930 951 969 982 992 998
998 1000 998 992 982 969 951 930 905 876 844 809 771 729 685 637 588 536 482 426 368 309 249 187 125 63 0 63 125 187 249 309 368 426 482 536 588 637 685 729 771 809 844 876 905 930 951 969 982 992
992 998 1000 998 992 982 969 951 930 905 876 844 809 771 729 685 637 588 536 482 426 368 309 249 187 125 63 0 63 125 187 249 309 368 426 482 536 588 637 685 729 771 809 844 876 905 930 951 969 982
982 992 998 1000 998 992 982 969 951 930 905 876 844 809 771 729 685 637 588 536 482 426 368 309 249 187 125 63 0 63 125 187 249 309 368 426 482 536 588 637 685 729 771 809 844 876 905 930 951 969
969 982 992 998 1000 998 992 982 969 951 930 905 876 844 809 771 729 685 637 588 536 482 426 368 309 249 187 125 63 0 63 125 187 249 309 368 426 482 536 588 637 685 729 771 809 844 876 905 930 951
951 969 982 992 998 1000 998 992 982 969 951 930 905 876 844 809 771 729 685 637 588 536 482 426 368 309 249 187 125 63 0 63 125 187 249 309 368 426 482 536 588 637 685 729 771 809 844 876 905 930
930 951 969 982 992 998 1000 998 992 982 969 951 930 905 876 844 809 771 729 685 637 588 536 482 426 368 309 249 187 125 63 0 63 125 187 249 309 368 426 482 536 588 637 685 729 771 809 844 876 905
905 930 951 969 982 992 998 1000 998 992 982 969 951 930 905 876 844 809 771 729 685 637 588 536 482 426 368 309 249 187 125 63 0 63 125 187 249 309 368 426 482 536 588 637 685 729 771 809 844 876
876 905 930 951 969 982 992 998 1000 998 992 982 969 951 930 905 876 844 809 771 729 685 637 588 536 482 426 368 309 249 187 125 63 0 63 125 187 249 309 368 426 482 536 588 637 685 729 771 809 844
844 876 905 930 951 969 982 992 998 1000 998 992 982 969 951 930 905 876 844 809 771 729 685 637 588 536 482 426 368 309 249 187 125 63 0 63 125 187 249 309 368 426 482 536 588 637 685 729 771 809
809 844 876 905 930 951 969 982 992 998 1000 998 992 982 969 951 930 905 876 844 809 771 729 685 637 588 536 482 426 368 309 249 187 125 63 0 63 125 187 249 309 368 426 482 536 588 637 685 729 771
771 809 844 876 905 930 951 969 982 992 998 1000 998 992 982 969 951 930 905 876 844 809 771 729 685 637 588 536 482 426 368 309 249 187 125 63 0 63 125 187 249 309 368 426 482 536 588 637 685 729
729 771 809 844 876 905 930 951 969 982 992 998 1000 998 992 982 969 951 930 905 876 844 809 771 729 685 637 588 536 482 426 368 309 249 187 125 63 0 63 125 187 249 309 368 426 482 536 588 637 685
685 729 771 809 844 876 905 930 951 969 982 992 998 1000 998 992 982 969 951 930 905 876 844 809 771 729 685 637 588 536 482 426 368 309 249 187 125 63 0 63 125 187 249 309 368 426 482 536 588 637
637 685 729 771 809 844 876 905 930 951 969 982 992 998 1000 998 992 982 969 951 930 905 876 844 809 771 729 685 637 588 536 482 426 368 309 249 187 125 63 0 63 125 187 249 309 368 426 482 536 588
588 637 685 729 771 809 844 876 905 930 951 969 982 992 998 1000 998 992 982 969 951 930 905 876 844 809 771 729 685 637 588 536 482 426 368 309 249 187 125 63 0 63 125 187 249 309 368 426 482 536
536 588 637 685 729 771 809 844 876 905 930 951 969 982 992 998 1000 998 992 982 969 951 930 905 876 844 809 771 729 685 637 588 536 482 426 368 309 249 187 125 63 0 63 125 187 249 309 368 426 482
482 536 588 637 685 729 771 809 844 876 905 930 951 969 982 992 998 1000 998 992 982 969 951 930 905 876 844 809 771 729 685 637 588 536 482 426 368 309 249 187 125 63 0 63 125 187 249 309 368 426
426 482 536 588 637 685 729 771 809 844 876 905 930 951 969 982 992 998 1000 998 992 982 969 951 930 905 876 844 809 771 729 685 637 588 536 482 426 368 309 249 187 125 63 0 63 125 187 249 309 368
368 426 482 536 588 637 685 729 771 809 844 876 905 930 951 969 982 992 998 1000 998 992 982 969 951 930 905 876 844 809 771 729 685 637 588 536 482 426 368 309 249 187 125 63 0 63 125 187 249 309
309 368 426 482 536 588 637 685 729 771 809 844 876 905 930 951 969 982 992 998 1000 998 992 982 969 951 930 905 876 844 809 771 729 685 637 588 536 482 426 368 309 249 187 125 63 0 63 125 187 249
249 309 368 426 482 536 588 637 685 729 771 809 844 876 905 930 951 969 982 992 998 1000 998 992 982 969 951 930 905 876 844 809 771 729 685 637 588 536 482 426 368 309 249 187 125 63 0 63 125 187
187 249 309 368 426 482 536 588 637 685 729 771 809 844 876 905 930 951 969 982 992 998 1000 998 992 982 969 951 930 905 876 844 809 771 729 685 637 588 536 482 426 368 309 249 187 125 63 0 63 125
125 187 249 309 368 426 482 536 588 637 685 729 771 809 844 876 905 930 951 969 982 992 998 1000 998 992 982 969 951 930 905 876 844 809 771 729 685 637 588 536 482 426 368 309 249 187 125 63 0 63
63 125 187 249 309 368 426 482 536 588 637 685 729 771 809 844 876 905 930 951 969 982 992 998 1000 998 992 982 969 951 930 905 876 844 809 771 729 685 637 588 536 482 426 368 309 249 187 125 63 0
